2.640000000000000000e+02
2.570000000000000000e+02
2.500000000000000000e+02
2.440000000000000000e+02
2.390000000000000000e+02
2.340000000000000000e+02
2.300000000000000000e+02
2.270000000000000000e+02
2.240000000000000000e+02
2.210000000000000000e+02
2.190000000000000000e+02
2.170000000000000000e+02
2.120000000000000000e+02
2.100000000000000000e+02
2.080000000000000000e+02
2.070000000000000000e+02
2.070000000000000000e+02
2.070000000000000000e+02
2.070000000000000000e+02
2.070000000000000000e+02
2.070000000000000000e+02
2.070000000000000000e+02
2.070000000000000000e+02
2.070000000000000000e+02
2.070000000000000000e+02
2.070000000000000000e+02
2.070000000000000000e+02
2.070000000000000000e+02
2.070000000000000000e+02
2.070000000000000000e+02
2.070000000000000000e+02
2.070000000000000000e+02
2.070000000000000000e+02
2.070000000000000000e+02
2.070000000000000000e+02
2.070000000000000000e+02
2.070000000000000000e+02
2.070000000000000000e+02
2.070000000000000000e+02
2.070000000000000000e+02
2.070000000000000000e+02
